74	85	123	1
73	84	122	1
72	83	121	1
70	81	119	1
70	81	119	1
69	80	118	1
70	81	119	1
70	81	119	1
76	87	125	1
76	87	125	1
77	88	126	1
77	88	126	1
77	88	126	1
78	89	127	1
77	85	125	1
78	86	126	1
78	86	126	1
77	85	125	1
76	84	124	1
77	85	125	1
80	88	128	1
83	91	131	1
83	91	131	1
84	92	132	1
84	92	132	1
83	91	131	1
80	88	128	1
78	86	126	1
78	86	126	1
79	87	127	1
78	86	126	1
79	87	127	1
81	89	129	1
82	90	130	1
83	91	131	1
82	90	130	1
81	89	129	1
81	89	129	1
84	92	132	1
81	89	129	1
79	87	127	1
79	87	127	1
82	90	130	1
83	91	131	1
82	90	130	1
78	88	128	1
79	89	129	1
78	90	130	1
79	91	131	1
80	92	132	1
80	92	132	1
80	92	132	1
80	92	132	1
79	91	131	1
83	95	135	1
82	94	134	1
81	93	133	1
80	92	132	1
78	90	130	1
77	89	129	1
76	88	128	1
73	88	127	1
75	90	129	1
75	90	129	1
78	88	128	1
79	87	127	1
80	86	129	1
78	85	128	1
75	84	128	1
69	85	128	1
61	82	127	1
152	179	223	1
144	176	219	1
146	180	223	1
156	185	230	1
164	190	236	1
165	189	235	1
168	190	238	1
168	189	244	1
170	190	247	1
175	195	250	1
180	201	253	1
187	203	255	1
192	207	255	1
194	208	255	1
196	209	253	1
205	214	255	1
206	215	253	1
207	215	252	1
210	217	250	1
215	217	251	1
217	220	251	1
220	222	252	1
221	224	255	1
222	228	255	1
218	226	255	1
215	223	255	1
213	221	255	1
211	219	255	1
210	218	255	1
211	219	255	1
211	219	255	1
210	218	255	1
211	219	255	1
211	219	255	1
211	219	255	1
211	219	255	1
210	218	255	1
209	217	254	1
207	216	253	1
208	218	252	1
206	218	252	1
206	218	252	1
206	218	252	1
206	218	254	1
206	218	254	1
206	217	255	1
206	217	255	1
209	220	255	1
208	219	255	1
208	218	255	1
207	217	255	1
206	216	255	1
205	215	255	1
204	214	254	1
203	213	253	1
205	213	253	1
206	214	254	1
206	214	254	1
207	215	255	1
208	216	255	1
208	216	255	1
209	217	255	1
209	217	255	1
200	208	248	1
204	212	252	1
207	215	255	1
209	217	255	1
208	216	255	1
207	215	255	1
207	215	255	1
207	216	254	1
207	219	253	1
208	221	253	1
209	221	255	1
209	221	255	1
208	220	254	1
207	219	253	1
205	217	253	1
204	216	252	1
204	215	253	1
203	214	252	1
202	212	252	1
201	211	251	1
201	210	253	1
201	210	253	1
201	210	253	1
202	211	254	1
202	212	252	1
202	212	252	1
203	213	253	1
203	213	253	1
203	213	253	1
204	214	254	1
204	214	254	1
204	214	254	1
202	212	252	1
202	212	252	1
202	212	252	1
202	212	252	1
202	212	252	1
202	212	252	1
202	212	252	1
202	212	252	1
196	207	251	1
195	206	250	1
194	205	249	1
194	205	249	1
194	205	249	1
70	81	119	1
70	81	119	1
70	81	119	1
71	82	120	1
71	82	120	1
72	83	121	1
73	84	122	1
74	85	123	1
74	85	123	1
74	85	123	1
74	85	123	1
75	86	124	1
75	86	124	1
76	87	125	1
76	87	125	1
76	87	125	1
77	85	125	1
78	86	126	1
78	86	126	1
77	85	125	1
75	83	123	1
76	84	124	1
78	86	126	1
81	89	129	1
83	91	131	1
85	93	133	1
85	93	133	1
85	93	133	1
83	91	131	1
82	90	130	1
83	91	131	1
84	92	132	1
80	88	128	1
81	89	129	1
82	90	130	1
84	92	132	1
84	92	132	1
84	92	132	1
83	91	131	1
82	90	130	1
84	92	132	1
81	89	129	1
79	87	127	1
79	87	127	1
82	90	130	1
83	91	131	1
82	90	130	1
78	88	128	1
81	91	131	1
80	92	132	1
81	93	133	1
81	93	133	1
81	93	133	1
81	93	133	1
80	92	132	1
79	91	131	1
81	93	133	1
80	92	132	1
80	92	132	1
79	91	131	1
79	91	131	1
78	90	130	1
78	90	130	1
75	90	129	1
75	90	129	1
75	90	129	1
78	88	128	1
79	87	127	1
80	86	129	1
78	85	128	1
75	84	128	1
69	85	128	1
63	84	129	1
153	180	224	1
146	178	221	1
150	182	225	1
157	186	231	1
164	190	236	1
166	189	235	1
168	190	238	1
171	192	244	1
173	193	248	1
177	197	252	1
183	201	254	1
188	205	255	1
193	208	255	1
195	210	255	1
197	210	254	1
204	213	255	1
208	217	255	1
212	220	255	1
217	223	255	1
221	226	255	1
223	226	255	1
224	226	255	1
222	225	255	1
212	218	253	1
209	217	254	1
208	216	253	1
207	215	252	1
206	214	251	1
206	214	251	1
206	214	251	1
206	214	251	1
214	222	255	1
214	222	255	1
214	222	255	1
212	220	255	1
211	219	255	1
209	217	254	1
208	216	253	1
206	215	252	1
207	217	251	1
206	218	252	1
206	218	252	1
206	218	252	1
206	218	254	1
206	218	254	1
206	217	255	1
207	218	255	1
206	217	255	1
206	217	255	1
206	216	255	1
205	215	255	1
204	214	254	1
204	214	254	1
203	213	253	1
203	213	253	1
203	211	251	1
203	211	251	1
203	211	251	1
204	212	252	1
204	212	252	1
204	212	252	1
205	213	253	1
205	213	253	1
201	209	249	1
204	212	252	1
208	216	255	1
209	217	255	1
208	216	255	1
207	215	255	1
207	215	255	1
208	217	255	1
206	218	252	1
207	220	252	1
208	220	254	1
208	220	254	1
208	220	254	1
207	219	253	1
206	218	254	1
205	217	253	1
204	215	253	1
204	215	253	1
203	213	253	1
202	212	252	1
202	211	254	1
202	211	254	1
202	211	254	1
202	211	254	1
204	214	254	1
204	214	254	1
204	214	254	1
203	213	253	1
202	212	252	1
202	212	252	1
202	212	252	1
201	211	251	1
202	212	252	1
202	212	252	1
202	212	252	1
202	212	252	1
202	212	252	1
202	212	252	1
202	212	252	1
202	212	252	1
200	211	255	1
199	210	254	1
199	210	254	1
198	209	253	1
198	209	253	1
71	82	120	1
71	82	120	1
71	82	120	1
72	83	121	1
73	84	122	1
74	85	123	1
74	85	123	1
74	85	123	1
71	82	120	1
72	83	121	1
72	83	121	1
72	83	121	1
73	84	122	1
73	84	122	1
73	84	122	1
74	85	123	1
76	84	124	1
77	85	125	1
78	86	126	1
76	84	124	1
74	82	122	1
74	82	122	1
76	84	124	1
78	86	126	1
81	89	129	1
82	90	130	1
84	92	132	1
84	92	132	1
83	91	131	1
82	90	130	1
84	92	132	1
86	94	134	1
82	90	130	1
83	91	131	1
84	92	132	1
85	93	133	1
85	93	133	1
85	93	133	1
84	92	132	1
84	92	132	1
82	90	130	1
81	89	129	1
79	87	127	1
79	87	127	1
81	89	129	1
82	90	130	1
81	89	129	1
79	89	129	1
83	93	133	1
81	93	133	1
82	94	134	1
82	94	134	1
82	94	134	1
81	93	133	1
80	92	132	1
80	92	132	1
79	91	131	1
79	91	131	1
79	91	131	1
79	91	131	1
79	91	131	1
79	91	131	1
79	91	131	1
77	92	131	1
75	90	129	1
75	90	129	1
78	88	128	1
79	87	127	1
80	86	129	1
79	85	128	1
75	84	128	1
69	85	128	1
65	86	131	1
158	183	227	1
151	180	225	1
153	184	229	1
158	187	232	1
166	190	236	1
168	188	236	1
170	190	238	1
173	191	244	1
175	193	246	1
179	197	250	1
185	202	253	1
188	205	254	1
192	208	255	1
194	209	255	1
196	209	253	1
203	212	255	1
208	217	255	1
215	223	255	1
221	227	255	1
225	230	255	1
223	228	255	1
222	225	255	1
218	223	255	1
209	215	250	1
208	216	253	1
209	217	254	1
209	217	254	1
209	217	254	1
209	217	254	1
208	216	253	1
208	216	253	1
208	216	253	1
208	216	253	1
208	216	253	1
207	215	252	1
206	214	251	1
205	213	250	1
205	213	250	1
203	212	249	1
207	216	253	1
205	217	253	1
205	217	253	1
206	218	254	1
206	218	254	1
207	219	255	1
207	218	255	1
207	218	255	1
204	215	253	1
204	215	253	1
204	214	254	1
203	213	253	1
203	213	253	1
203	213	253	1
203	212	255	1
203	212	255	1
207	215	255	1
207	215	255	1
206	214	254	1
206	214	254	1
206	214	254	1
206	214	254	1
205	213	253	1
205	213	253	1
201	209	249	1
204	212	252	1
207	215	255	1
208	216	255	1
208	216	255	1
207	215	255	1
207	215	255	1
208	217	255	1
205	217	253	1
205	217	251	1
206	218	252	1
207	219	253	1
207	219	255	1
207	219	255	1
206	217	255	1
206	217	255	1
205	215	255	1
205	215	255	1
204	214	254	1
203	213	253	1
202	211	254	1
203	212	255	1
203	212	255	1
203	212	255	1
205	215	255	1
205	215	255	1
204	214	254	1
203	213	253	1
202	212	252	1
200	210	250	1
199	209	249	1
199	209	249	1
202	212	252	1
202	212	252	1
202	212	252	1
202	212	252	1
202	212	252	1
202	212	252	1
202	212	252	1
202	212	252	1
202	213	255	1
201	212	255	1
200	211	255	1
200	211	255	1
200	211	255	1
75	86	124	1
75	86	124	1
74	85	123	1
74	85	123	1
73	84	122	1
72	83	121	1
71	82	120	1
71	82	120	1
71	82	120	1
71	82	120	1
71	82	120	1
71	82	120	1
72	83	121	1
72	83	121	1
72	83	121	1
73	84	122	1
76	84	124	1
77	85	125	1
77	85	125	1
76	84	124	1
74	82	122	1
73	81	121	1
74	82	122	1
75	83	123	1
77	85	125	1
78	86	126	1
80	88	128	1
79	87	127	1
78	86	126	1
78	86	126	1
79	87	127	1
81	89	129	1
83	91	131	1
83	91	131	1
83	91	131	1
84	92	132	1
84	92	132	1
84	92	132	1
83	91	131	1
83	91	131	1
80	88	128	1
79	87	127	1
78	86	126	1
78	86	126	1
79	87	127	1
80	88	128	1
80	88	128	1
80	88	128	1
80	90	130	1
79	91	131	1
80	92	132	1
81	93	133	1
82	94	134	1
82	94	134	1
82	94	134	1
81	93	133	1
80	92	132	1
80	92	132	1
79	91	131	1
79	91	131	1
79	91	131	1
79	91	131	1
78	90	130	1
78	90	130	1
75	90	129	1
75	90	129	1
78	88	128	1
79	87	127	1
80	86	129	1
79	85	128	1
75	84	128	1
71	84	128	1
68	87	132	1
160	185	229	1
155	184	229	1
157	186	231	1
161	187	233	1
167	190	238	1
171	188	237	1
173	190	239	1
175	192	243	1
177	194	245	1
181	198	247	1
186	201	250	1
189	205	252	1
191	206	252	1
194	207	251	1
196	208	250	1
204	214	254	1
206	217	255	1
213	221	255	1
216	225	255	1
219	225	255	1
219	224	255	1
215	220	253	1
213	218	251	1
211	217	252	1
210	218	255	1
212	220	255	1
213	221	255	1
213	221	255	1
212	220	255	1
210	218	255	1
209	217	254	1
202	210	247	1
202	210	247	1
203	211	248	1
203	211	248	1
205	213	250	1
206	214	251	1
208	216	253	1
207	216	253	1
206	215	252	1
204	216	252	1
205	217	253	1
206	218	254	1
206	218	254	1
207	219	255	1
208	219	255	1
208	219	255	1
203	214	252	1
203	214	252	1
203	213	253	1
203	213	253	1
204	214	254	1
204	214	254	1
204	213	255	1
204	213	255	1
209	217	255	1
209	217	255	1
208	216	255	1
207	215	255	1
207	215	255	1
206	214	254	1
205	213	253	1
205	213	253	1
200	208	248	1
203	211	251	1
205	213	253	1
206	214	254	1
206	214	254	1
205	213	253	1
206	214	254	1
207	216	254	1
203	215	251	1
204	216	250	1
205	217	251	1
205	217	251	1
206	218	254	1
206	218	254	1
207	218	255	1
207	218	255	1
206	216	255	1
205	215	255	1
204	214	254	1
204	214	254	1
203	212	255	1
203	212	255	1
204	213	255	1
204	213	255	1
204	214	254	1
203	213	253	1
203	213	253	1
202	212	252	1
201	211	251	1
200	210	250	1
199	209	249	1
199	209	249	1
201	211	251	1
201	211	251	1
201	211	251	1
201	211	251	1
201	211	251	1
201	211	251	1
201	211	251	1
201	211	251	1
200	211	255	1
199	210	254	1
198	209	253	1
198	209	253	1
198	209	253	1
74	84	124	1
74	84	124	1
75	85	125	1
75	85	125	1
74	84	124	1
73	83	123	1
71	81	121	1
70	80	120	1
71	81	121	1
71	81	121	1
72	82	122	1
72	82	122	1
72	82	122	1
73	83	123	1
73	83	123	1
73	83	123	1
75	82	125	1
76	83	126	1
77	84	127	1
76	83	126	1
74	81	124	1
72	79	122	1
73	80	123	1
74	81	124	1
76	83	126	1
78	85	128	1
79	86	129	1
78	85	128	1
76	83	126	1
75	82	125	1
76	83	126	1
77	84	127	1
82	90	130	1
81	89	129	1
81	89	129	1
81	89	129	1
81	89	129	1
81	89	129	1
81	89	129	1
81	89	129	1
77	85	125	1
78	86	126	1
78	86	126	1
77	85	125	1
77	85	125	1
78	86	126	1
80	88	128	1
81	89	129	1
77	87	127	1
78	88	128	1
79	89	129	1
81	91	131	1
83	93	133	1
84	94	134	1
84	94	134	1
84	94	134	1
84	94	134	1
84	94	134	1
83	93	133	1
82	92	132	1
80	90	130	1
79	89	129	1
78	88	128	1
76	88	128	1
75	90	129	1
75	90	129	1
76	88	128	1
79	87	127	1
80	86	129	1
79	85	128	1
77	83	128	1
71	84	128	1
67	86	131	1
162	185	231	1
159	185	232	1
159	187	234	1
164	187	235	1
168	189	240	1
173	187	239	1
176	191	240	1
181	197	244	1
182	198	245	1
185	201	248	1
189	204	250	1
192	207	253	1
195	208	252	1
195	208	252	1
197	209	251	1
208	218	255	1
209	220	255	1
212	220	255	1
211	220	254	1
212	218	253	1
211	217	252	1
210	216	251	1
209	215	250	1
207	215	252	1
208	216	253	1
209	217	254	1
209	217	254	1
208	216	253	1
207	215	252	1
205	213	250	1
203	211	248	1
206	214	251	1
206	214	251	1
206	214	251	1
207	215	252	1
209	217	254	1
211	219	255	1
213	221	255	1
213	222	255	1
207	216	253	1
205	217	253	1
205	217	253	1
206	218	254	1
206	217	255	1
207	218	255	1
207	218	255	1
207	218	255	1
204	214	254	1
204	214	254	1
204	214	254	1
204	214	254	1
205	214	255	1
205	214	255	1
205	214	255	1
205	214	255	1
206	213	255	1
205	212	255	1
205	212	255	1
204	211	254	1
202	209	252	1
201	208	251	1
201	208	251	1
200	207	250	1
199	206	249	1
201	208	251	1
203	210	253	1
204	211	254	1
203	210	253	1
203	210	253	1
204	211	254	1
206	214	254	1
203	214	252	1
203	215	251	1
204	216	252	1
204	216	252	1
205	216	254	1
205	216	254	1
206	217	255	1
207	218	255	1
206	216	255	1
205	215	255	1
204	214	254	1
204	214	254	1
203	212	255	1
203	212	255	1
204	213	255	1
204	213	255	1
200	210	250	1
200	210	250	1
200	210	250	1
201	211	251	1
201	211	251	1
201	211	251	1
201	211	251	1
201	211	251	1
201	211	251	1
201	211	251	1
201	211	251	1
201	211	251	1
201	211	251	1
201	211	251	1
201	211	251	1
201	211	251	1
198	209	253	1
198	209	253	1
197	208	252	1
197	208	252	1
197	208	252	1
69	79	119	1
70	80	120	1
72	82	122	1
74	84	124	1
75	85	125	1
74	84	124	1
73	83	123	1
73	83	123	1
72	82	122	1
72	82	122	1
72	82	122	1
72	82	122	1
73	83	123	1
73	83	123	1
73	83	123	1
74	84	124	1
74	81	124	1
75	82	125	1
77	84	127	1
77	84	127	1
75	82	125	1
74	81	124	1
74	81	124	1
75	82	125	1
78	85	128	1
80	87	130	1
80	87	130	1
79	86	129	1
77	84	127	1
76	83	126	1
77	84	127	1
78	85	128	1
81	89	129	1
80	88	128	1
79	87	127	1
78	86	126	1
78	86	126	1
78	86	126	1
79	87	127	1
79	87	127	1
77	85	125	1
78	86	126	1
79	87	127	1
79	87	127	1
78	86	126	1
79	87	127	1
81	89	129	1
83	91	131	1
76	86	126	1
77	87	127	1
79	89	129	1
81	91	131	1
82	92	132	1
83	93	133	1
84	94	134	1
84	94	134	1
85	95	135	1
85	95	135	1
83	93	133	1
82	92	132	1
80	90	130	1
79	89	129	1
77	87	127	1
75	87	127	1
75	90	129	1
75	90	129	1
76	88	128	1
79	87	127	1
80	86	129	1
79	85	128	1
77	83	128	1
71	84	130	1
65	83	130	1
161	184	230	1
159	185	232	1
162	188	235	1
165	188	238	1
170	189	240	1
173	187	239	1
178	191	243	1
185	201	248	1
187	203	249	1
191	206	252	1
193	209	252	1
197	210	254	1
198	212	254	1
200	212	254	1
199	211	251	1
213	223	255	1
211	222	255	1
210	219	255	1
209	217	254	1
210	216	253	1
210	216	251	1
210	216	251	1
209	218	252	1
208	216	253	1
208	216	253	1
208	216	253	1
208	216	253	1
207	215	252	1
205	213	250	1
204	212	249	1
203	211	248	1
211	219	255	1
210	218	255	1
208	216	253	1
207	215	252	1
207	215	252	1
208	216	253	1
209	217	254	1
209	218	255	1
206	218	254	1
206	218	254	1
206	218	254	1
206	218	254	1
206	217	255	1
206	217	255	1
206	217	255	1
206	217	255	1
205	215	255	1
205	215	255	1
205	215	255	1
205	215	255	1
205	214	255	1
204	213	255	1
204	213	255	1
204	213	255	1
207	214	255	1
206	213	255	1
205	212	255	1
205	212	255	1
203	210	253	1
203	210	253	1
202	209	252	1
201	208	251	1
200	207	250	1
201	208	251	1
203	210	253	1
203	210	253	1
202	209	252	1
202	209	252	1
204	211	254	1
206	214	254	1
204	215	253	1
204	216	252	1
203	214	252	1
203	214	252	1
203	214	252	1
204	215	253	1
205	216	254	1
205	216	254	1
205	215	255	1
205	215	255	1
204	214	254	1
203	213	253	1
202	211	254	1
203	212	255	1
203	212	255	1
203	212	255	1
199	209	249	1
199	209	249	1
199	209	249	1
200	210	250	1
200	210	250	1
200	210	250	1
201	211	251	1
201	211	251	1
200	210	250	1
200	210	250	1
200	210	250	1
200	210	250	1
200	210	250	1
200	210	250	1
200	210	250	1
200	210	250	1
199	210	254	1
199	210	254	1
198	209	253	1
198	209	253	1
198	209	253	1
67	77	117	1
69	79	119	1
71	81	121	1
73	83	123	1
74	84	124	1
74	84	124	1
72	82	122	1
71	81	121	1
71	81	121	1
71	81	121	1
71	81	121	1
72	82	122	1
72	82	122	1
73	83	123	1
73	83	123	1
73	83	123	1
72	79	122	1
75	82	125	1
77	84	127	1
78	85	128	1
76	83	126	1
75	82	125	1
75	82	125	1
76	83	126	1
78	85	128	1
79	86	129	1
81	88	131	1
80	87	130	1
79	86	129	1
79	86	129	1
80	87	130	1
82	89	132	1
81	89	129	1
80	88	128	1
79	87	127	1
77	85	125	1
77	85	125	1
77	85	125	1
78	86	126	1
79	87	127	1
79	87	127	1
81	89	129	1
83	91	131	1
82	90	130	1
81	89	129	1
81	89	129	1
84	92	132	1
87	95	135	1
80	90	130	1
81	91	131	1
82	92	132	1
82	92	132	1
83	93	133	1
83	93	133	1
82	92	132	1
82	92	132	1
84	94	134	1
83	93	133	1
82	92	132	1
82	92	132	1
80	90	130	1
80	90	130	1
79	89	129	1
76	88	128	1
75	91	128	1
75	91	128	1
78	88	128	1
79	87	127	1
80	86	129	1
79	85	128	1
77	83	128	1
71	84	130	1
62	80	127	1
159	183	229	1
159	185	232	1
162	187	237	1
165	187	239	1
170	188	241	1
172	188	241	1
178	192	244	1
186	202	249	1
187	204	247	1
191	207	250	1
193	209	252	1
197	210	254	1
197	211	253	1
199	211	253	1
198	210	250	1
210	220	255	1
208	219	255	1
209	218	255	1
207	216	254	1
208	215	254	1
208	216	253	1
209	217	254	1
210	218	255	1
211	218	255	1
209	218	255	1
208	217	255	1
208	217	255	1
208	217	255	1
208	217	255	1
209	218	255	1
209	218	255	1
208	217	255	1
207	216	254	1
205	214	252	1
203	212	250	1
202	211	249	1
203	212	250	1
205	214	252	1
206	215	253	1
208	219	255	1
208	219	255	1
207	218	255	1
206	217	255	1
206	217	255	1
205	216	254	1
204	214	254	1
204	214	254	1
205	215	255	1
205	215	255	1
204	213	255	1
204	213	255	1
203	212	255	1
202	211	254	1
202	211	255	1
202	211	255	1
206	215	255	1
206	215	255	1
205	214	255	1
205	214	255	1
204	213	255	1
203	212	255	1
203	212	255	1
203	212	255	1
200	209	252	1
201	210	253	1
202	211	254	1
202	211	254	1
201	210	253	1
202	211	254	1
204	213	255	1
206	215	255	1
205	215	255	1
204	215	253	1
203	213	253	1
202	212	252	1
202	212	252	1
202	212	252	1
203	213	253	1
204	214	254	1
204	214	254	1
204	214	254	1
203	213	253	1
202	212	252	1
202	211	254	1
202	211	254	1
202	211	254	1
202	211	254	1
200	210	250	1
200	210	250	1
200	210	250	1
199	209	249	1
199	209	249	1
199	209	249	1
199	209	249	1
199	209	249	1
200	210	250	1
200	210	250	1
200	210	250	1
200	210	250	1
200	210	250	1
200	210	250	1
200	210	250	1
200	210	250	1
199	210	254	1
199	210	254	1
198	209	253	1
198	209	253	1
198	209	253	1
70	80	120	1
71	81	121	1
73	83	123	1
74	84	124	1
73	83	123	1
71	81	121	1
68	78	118	1
67	77	117	1
70	80	120	1
70	80	120	1
70	80	120	1
71	81	121	1
71	81	121	1
72	82	122	1
72	82	122	1
72	82	122	1
72	79	122	1
74	81	124	1
77	84	127	1
78	85	128	1
77	84	127	1
76	83	126	1
77	84	127	1
77	84	127	1
74	81	124	1
76	83	126	1
78	85	128	1
79	86	129	1
79	86	129	1
79	86	129	1
81	88	131	1
83	90	133	1
82	90	130	1
81	89	129	1
79	87	127	1
78	86	126	1
77	85	125	1
77	85	125	1
78	86	126	1
79	87	127	1
82	90	130	1
84	92	132	1
86	94	134	1
85	93	133	1
84	92	132	1
84	92	132	1
87	95	135	1
91	99	139	1
85	95	135	1
85	95	135	1
85	95	135	1
84	94	134	1
83	93	133	1
82	92	132	1
81	91	131	1
80	90	130	1
81	91	131	1
81	91	131	1
81	91	131	1
81	91	131	1
81	91	131	1
81	91	131	1
81	91	131	1
79	91	131	1
75	91	128	1
75	91	128	1
78	88	128	1
79	87	127	1
82	85	129	1
79	85	128	1
77	83	130	1
71	84	130	1
60	78	125	1
158	181	229	1
157	184	234	1
160	187	237	1
165	187	239	1
167	188	240	1
172	187	243	1
177	193	246	1
181	199	246	1
182	201	244	1
187	204	247	1
189	206	249	1
191	207	250	1
194	208	250	1
193	207	249	1
195	207	247	1
201	213	253	1
204	214	254	1
204	214	254	1
206	215	253	1
207	216	254	1
208	215	254	1
209	216	255	1
209	218	255	1
208	217	255	1
207	216	254	1
206	215	253	1
206	215	253	1
207	216	254	1
209	218	255	1
211	220	255	1
212	221	255	1
208	217	255	1
207	216	254	1
205	214	252	1
204	213	251	1
205	214	252	1
207	216	254	1
210	219	255	1
211	220	255	1
209	220	255	1
209	220	255	1
208	219	255	1
207	218	255	1
205	216	254	1
204	215	253	1
203	213	253	1
203	213	253	1
205	215	255	1
204	214	254	1
203	212	255	1
202	211	254	1
201	210	253	1
200	209	252	1
200	209	253	1
199	208	252	1
202	211	254	1
202	211	254	1
201	210	253	1
201	210	253	1
201	210	253	1
200	209	252	1
200	209	252	1
200	209	252	1
202	211	254	1
203	212	255	1
204	213	255	1
204	213	255	1
203	212	255	1
204	213	255	1
206	215	255	1
208	217	255	1
206	215	255	1
205	215	255	1
203	213	253	1
202	212	252	1
201	211	251	1
201	211	251	1
202	212	252	1
203	213	253	1
204	214	254	1
203	213	253	1
202	212	252	1
201	211	251	1
201	210	253	1
201	210	253	1
201	210	253	1
202	211	254	1
202	212	252	1
201	211	251	1
201	211	251	1
199	209	249	1
198	208	248	1
197	207	247	1
196	206	246	1
196	206	246	1
200	210	250	1
200	210	250	1
200	210	250	1
200	210	250	1
200	210	250	1
200	210	250	1
200	210	250	1
200	210	250	1
198	209	253	1
197	208	252	1
196	207	251	1
196	207	251	1
196	207	251	1
71	80	123	1
71	80	123	1
71	80	123	1
70	79	122	1
70	79	122	1
70	79	122	1
69	78	121	1
69	78	121	1
73	82	125	1
74	83	126	1
74	83	126	1
75	84	127	1
75	84	127	1
75	84	127	1
74	83	126	1
74	83	126	1
75	81	126	1
75	81	126	1
76	82	127	1
76	82	127	1
76	82	127	1
75	81	126	1
74	80	125	1
74	80	125	1
74	80	125	1
75	81	126	1
77	83	128	1
79	85	130	1
80	86	131	1
80	86	131	1
79	85	130	1
79	86	129	1
78	86	126	1
78	86	126	1
78	86	126	1
79	87	127	1
79	87	127	1
80	88	128	1
80	88	128	1
80	88	128	1
83	91	131	1
82	90	130	1
82	90	130	1
81	89	129	1
81	89	129	1
82	90	130	1
82	90	130	1
83	91	131	1
82	90	130	1
81	89	129	1
80	88	128	1
81	89	129	1
83	91	131	1
84	92	132	1
83	91	131	1
82	90	130	1
81	89	129	1
81	89	129	1
80	88	128	1
80	88	128	1
79	87	127	1
78	86	126	1
76	84	124	1
74	84	124	1
72	85	123	1
73	86	124	1
76	86	126	1
79	87	127	1
83	86	130	1
80	86	129	1
76	84	131	1
70	85	131	1
63	83	130	1
152	178	225	1
154	184	233	1
162	191	242	1
161	187	241	1
167	191	245	1
171	190	247	1
168	186	239	1
177	197	244	1
179	200	245	1
184	203	248	1
187	206	249	1
190	207	250	1
190	207	250	1
190	206	249	1
191	205	247	1
198	212	254	1
200	212	252	1
200	212	252	1
203	213	253	1
205	213	253	1
206	214	254	1
206	214	254	1
206	214	254	1
209	217	255	1
207	217	255	1
207	217	255	1
206	216	255	1
206	216	255	1
206	216	255	1
206	216	255	1
206	216	255	1
206	216	255	1
206	216	255	1
206	216	255	1
206	216	255	1
206	216	255	1
206	216	255	1
206	216	255	1
206	216	255	1
212	223	255	1
210	221	255	1
208	219	255	1
206	217	255	1
206	216	255	1
207	217	255	1
208	218	255	1
210	220	255	1
212	221	255	1
211	220	255	1
208	217	255	1
206	215	255	1
205	214	255	1
204	213	255	1
205	214	255	1
205	214	255	1
200	211	255	1
200	211	255	1
200	211	255	1
200	211	255	1
200	211	255	1
201	212	255	1
201	212	255	1
201	212	255	1
200	211	255	1
202	213	255	1
203	214	255	1
204	215	255	1
203	214	255	1
201	212	255	1
199	210	254	1
197	209	251	1
202	211	254	1
202	211	254	1
203	212	255	1
203	212	255	1
203	212	255	1
202	211	254	1
201	210	253	1
201	210	253	1
199	208	251	1
199	208	251	1
199	209	249	1
200	210	250	1
200	210	250	1
200	210	250	1
201	211	251	1
201	211	251	1
201	211	251	1
201	211	251	1
201	211	251	1
200	210	250	1
200	210	250	1
199	209	249	1
199	209	249	1
199	209	249	1
202	212	252	1
200	210	250	1
199	209	249	1
198	208	248	1
197	207	247	1
198	208	248	1
199	209	249	1
199	209	249	1
202	213	255	1
201	212	255	1
200	211	255	1
200	211	255	1
199	210	254	1
71	80	123	1
70	79	122	1
70	79	122	1
70	79	122	1
69	78	121	1
69	78	121	1
69	78	121	1
68	77	120	1
73	82	125	1
73	82	125	1
74	83	126	1
74	83	126	1
74	83	126	1
73	82	125	1
73	82	125	1
72	81	124	1
77	83	128	1
77	83	128	1
77	83	128	1
76	82	127	1
76	82	127	1
76	82	127	1
76	82	127	1
76	82	127	1
75	81	126	1
76	82	127	1
77	83	128	1
78	84	129	1
79	85	130	1
80	86	131	1
80	86	131	1
80	87	130	1
80	87	130	1
80	88	128	1
79	87	127	1
79	87	127	1
79	87	127	1
79	87	127	1
79	87	127	1
79	87	127	1
81	89	129	1
81	89	129	1
80	88	128	1
80	88	128	1
80	88	128	1
80	88	128	1
81	89	129	1
81	89	129	1
81	89	129	1
79	87	127	1
78	86	126	1
79	87	127	1
81	89	129	1
82	90	130	1
82	90	130	1
80	88	128	1
80	88	128	1
81	89	129	1
82	90	130	1
82	90	130	1
81	89	129	1
79	87	127	1
77	85	125	1
74	84	124	1
76	89	127	1
75	88	126	1
77	85	125	1
77	83	124	1
78	81	125	1
76	82	125	1
74	82	129	1
68	82	130	1
60	82	130	1
151	178	228	1
153	184	235	1
159	191	244	1
156	187	240	1
163	190	246	1
171	194	250	1
170	191	246	1
174	197	245	1
176	200	246	1
181	204	250	1
184	207	253	1
188	209	254	1
188	209	254	1
192	208	254	1
192	209	252	1
196	212	255	1
198	212	254	1
198	212	254	1
201	213	253	1
203	213	253	1
206	214	254	1
206	214	254	1
206	214	254	1
202	212	252	1
202	212	252	1
202	212	252	1
202	212	252	1
203	213	253	1
203	213	253	1
203	213	253	1
203	213	253	1
204	214	254	1
204	214	254	1
204	214	254	1
204	214	254	1
205	215	255	1
205	215	255	1
205	215	255	1
205	215	255	1
208	219	255	1
207	218	255	1
205	216	254	1
204	215	253	1
204	214	254	1
204	214	254	1
205	215	255	1
206	216	255	1
203	212	255	1
202	211	254	1
201	210	254	1
199	208	252	1
198	207	251	1
198	207	251	1
197	206	250	1
197	206	250	1
195	206	250	1
194	205	249	1
194	205	249	1
194	205	249	1
195	206	250	1
198	209	253	1
200	211	255	1
202	213	255	1
204	215	255	1
205	216	255	1
205	216	255	1
204	215	255	1
203	214	255	1
201	212	255	1
198	209	253	1
197	208	252	1
199	208	252	1
200	209	252	1
201	210	254	1
202	211	254	1
203	212	255	1
203	212	255	1
202	211	254	1
202	211	254	1
200	209	252	1
200	209	252	1
200	210	250	1
201	211	251	1
202	212	252	1
202	212	252	1
203	213	253	1
203	213	253	1
201	211	251	1
201	211	251	1
201	211	251	1
200	210	250	1
200	210	250	1
200	210	250	1
199	209	249	1
199	209	249	1
203	213	253	1
202	212	252	1
200	210	250	1
199	209	249	1
199	209	249	1
199	209	249	1
200	210	250	1
201	211	251	1
201	212	255	1
201	212	255	1
200	211	255	1
199	210	254	1
198	209	253	1
70	79	122	1
69	78	121	1
69	78	121	1
69	78	121	1
68	77	120	1
68	77	120	1
68	77	120	1
67	76	119	1
73	82	125	1
73	82	125	1
73	82	125	1
73	82	125	1
73	82	125	1
72	81	124	1
71	80	123	1
70	79	122	1
77	83	128	1
76	82	127	1
75	81	126	1
74	80	125	1
74	80	125	1
75	81	126	1
76	82	127	1
77	83	128	1
77	83	128	1
77	83	128	1
77	83	128	1
77	83	128	1
78	84	129	1
79	85	130	1
80	86	131	1
81	88	131	1
81	88	131	1
81	89	129	1
81	89	129	1
80	88	128	1
79	87	127	1
78	86	126	1
78	86	126	1
77	85	125	1
83	91	131	1
82	90	130	1
81	89	129	1
81	89	129	1
81	89	129	1
81	89	129	1
82	90	130	1
83	91	131	1
82	88	129	1
81	87	128	1
80	86	127	1
81	87	128	1
83	89	130	1
84	90	131	1
84	90	131	1
82	88	129	1
81	87	128	1
82	88	129	1
84	90	131	1
85	91	132	1
84	90	131	1
82	88	129	1
79	85	126	1
77	85	125	1
82	93	131	1
77	91	127	1
77	86	124	1
74	80	121	1
75	78	122	1
73	79	122	1
69	79	126	1
65	81	128	1
62	85	133	1
150	182	231	1
153	188	238	1
156	193	245	1
150	186	240	1
158	191	247	1
168	197	254	1
170	197	253	1
163	192	243	1
165	195	244	1
170	197	247	1
175	200	250	1
179	202	250	1
180	203	251	1
183	203	250	1
185	204	249	1
195	211	255	1
196	212	255	1
198	211	255	1
200	212	254	1
203	212	255	1
203	212	255	1
205	213	253	1
205	213	253	1
202	212	252	1
203	213	253	1
203	213	253	1
204	214	254	1
205	215	255	1
205	215	255	1
206	216	255	1
206	216	255	1
201	211	251	1
202	212	252	1
202	212	252	1
203	213	253	1
203	213	253	1
204	214	254	1
204	214	254	1
204	214	254	1
205	215	255	1
205	215	255	1
205	215	255	1
204	214	254	1
204	214	254	1
204	214	254	1
203	212	255	1
203	212	255	1
208	217	255	1
208	217	255	1
208	217	255	1
208	217	255	1
208	216	255	1
207	215	255	1
206	214	255	1
205	213	255	1
199	210	254	1
197	208	252	1
196	207	251	1
195	206	250	1
196	207	251	1
198	209	253	1
201	212	255	1
203	214	255	1
199	210	254	1
199	210	254	1
197	208	252	1
196	207	251	1
194	205	249	1
192	203	247	1
190	201	245	1
189	200	244	1
191	200	244	1
192	201	245	1
194	202	249	1
195	204	248	1
197	206	250	1
197	206	250	1
198	207	251	1
198	207	251	1
200	209	252	1
200	209	252	1
201	211	251	1
202	212	252	1
203	213	253	1
204	214	254	1
204	214	254	1
205	215	255	1
201	211	251	1
201	211	251	1
201	211	251	1
201	211	251	1
200	210	250	1
200	210	250	1
200	210	250	1
199	209	249	1
204	214	254	1
203	213	253	1
202	212	252	1
201	211	251	1
201	211	251	1
201	211	251	1
201	211	251	1
201	211	251	1
200	211	255	1
200	211	255	1
199	210	254	1
198	209	253	1
198	209	253	1
69	78	121	1
69	78	121	1
68	77	120	1
68	77	120	1
68	77	120	1
67	76	119	1
67	76	119	1
67	76	119	1
72	81	124	1
72	81	124	1
72	81	124	1
72	81	124	1
72	81	124	1
70	79	122	1
69	78	121	1
68	77	120	1
74	80	125	1
72	78	123	1
70	76	121	1
69	75	120	1
70	76	121	1
71	77	122	1
74	80	125	1
75	81	126	1
78	84	129	1
78	84	129	1
77	83	128	1
76	82	127	1
77	83	128	1
78	84	129	1
80	86	131	1
81	87	132	1
80	87	130	1
80	88	128	1
80	88	128	1
80	88	128	1
80	88	128	1
80	88	128	1
79	87	127	1
79	87	127	1
86	94	134	1
85	93	133	1
85	93	133	1
84	92	132	1
84	92	132	1
85	93	133	1
85	93	133	1
86	94	134	1
85	91	132	1
84	90	131	1
83	89	130	1
84	90	131	1
86	92	133	1
87	93	134	1
86	92	133	1
85	91	132	1
81	87	128	1
83	89	130	1
85	91	132	1
86	92	133	1
86	92	133	1
83	89	130	1
81	87	128	1
78	87	125	1
81	92	130	1
79	91	127	1
79	86	125	1
76	83	122	1
76	79	123	1
73	79	124	1
68	81	127	1
63	81	128	1
55	83	130	1
143	178	228	1
143	182	234	1
143	185	238	1
136	177	232	1
143	182	237	1
155	189	248	1
159	192	248	1
163	197	251	1
166	198	251	1
168	200	253	1
171	202	255	1
174	203	254	1
177	204	254	1
181	204	252	1
182	205	251	1
193	211	255	1
195	211	255	1
196	211	255	1
198	211	255	1
200	212	254	1
202	211	254	1
204	212	252	1
205	213	253	1
204	214	254	1
204	214	254	1
204	214	254	1
204	214	254	1
204	214	254	1
205	215	255	1
205	215	255	1
205	215	255	1
201	211	251	1
201	211	251	1
202	212	252	1
202	212	252	1
203	213	253	1
204	214	254	1
204	214	254	1
205	215	255	1
205	215	255	1
205	215	255	1
206	216	255	1
206	216	255	1
206	216	255	1
205	215	255	1
204	213	255	1
203	212	255	1
200	209	253	1
201	210	254	1
202	211	255	1
203	212	255	1
203	211	255	1
202	210	255	1
200	208	255	1
199	207	254	1
201	212	255	1
201	212	255	1
200	211	255	1
198	209	253	1
197	208	252	1
197	208	252	1
197	208	252	1
196	207	251	1
194	205	249	1
193	204	248	1
191	202	246	1
189	200	244	1
188	199	243	1
187	198	242	1
187	198	242	1
187	198	242	1
190	198	245	1
191	199	246	1
193	201	248	1
194	202	249	1
195	203	250	1
195	204	248	1
195	204	248	1
195	204	248	1
199	208	251	1
199	208	251	1
200	210	250	1
201	211	251	1
202	212	252	1
203	213	253	1
204	214	254	1
205	215	255	1
202	212	252	1
202	212	252	1
201	211	251	1
201	211	251	1
201	211	251	1
200	210	250	1
200	210	250	1
200	210	250	1
203	213	253	1
202	212	252	1
202	212	252	1
201	211	251	1
201	211	251	1
201	211	251	1
201	211	251	1
201	211	251	1
199	210	254	1
199	210	254	1
198	209	253	1
198	209	253	1
197	208	252	1
69	78	122	1
69	78	122	1
68	77	121	1
68	77	121	1
68	77	121	1
67	76	120	1
67	76	120	1
67	76	120	1
71	80	124	1
71	80	124	1
72	81	125	1
72	81	125	1
71	80	124	1
70	79	123	1
69	78	122	1
69	78	122	1
73	79	126	1
71	77	124	1
70	76	123	1
69	75	122	1
69	75	122	1
71	77	124	1
74	80	127	1
75	81	128	1
79	85	132	1
78	84	131	1
77	83	130	1
76	82	129	1
76	82	129	1
78	84	131	1
79	85	132	1
80	86	131	1
78	85	128	1
78	86	126	1
79	87	127	1
80	88	128	1
81	89	129	1
82	90	130	1
82	90	130	1
83	91	131	1
86	94	134	1
86	94	134	1
85	93	133	1
85	93	133	1
85	93	133	1
85	93	133	1
86	94	134	1
86	94	134	1
85	91	132	1
84	90	131	1
83	89	130	1
84	90	131	1
86	92	133	1
87	93	134	1
86	92	133	1
85	91	132	1
82	88	129	1
83	89	130	1
85	91	132	1
86	92	133	1
85	91	132	1
84	90	131	1
82	88	129	1
80	87	126	1
78	87	125	1
78	87	124	1
80	87	126	1
82	87	126	1
79	85	128	1
77	83	128	1
70	83	129	1
63	83	130	1
48	78	125	1
131	171	220	1
129	172	223	1
126	173	225	1
118	164	218	1
123	168	225	1
135	175	234	1
138	176	234	1
127	165	223	1
129	166	224	1
129	166	222	1
131	166	222	1
134	165	220	1
134	165	218	1
138	165	216	1
139	164	214	1
189	211	255	1
193	211	255	1
195	211	255	1
198	211	255	1
200	212	254	1
202	211	254	1
204	212	252	1
203	211	251	1
201	210	253	1
199	211	253	1
198	210	252	1
198	210	252	1
197	209	251	1
197	209	251	1
196	208	250	1
196	208	250	1
200	212	254	1
200	212	254	1
201	213	255	1
201	213	255	1
202	214	255	1
202	214	255	1
202	214	255	1
203	215	255	1
203	213	253	1
204	214	254	1
204	214	254	1
204	214	254	1
204	213	255	1
203	212	255	1
202	211	254	1
201	210	253	1
196	205	249	1
197	206	250	1
199	207	254	1
200	208	255	1
199	207	254	1
198	206	253	1
197	205	252	1
196	204	251	1
194	204	251	1
193	206	252	1
194	207	253	1
194	207	253	1
193	206	252	1
191	204	250	1
189	202	248	1
187	200	246	1
195	208	254	1
194	207	253	1
193	206	252	1
193	206	252	1
192	205	251	1
193	206	252	1
193	206	252	1
196	206	253	1
199	206	255	1
200	207	255	1
200	207	255	1
201	209	255	1
201	209	255	1
200	208	255	1
199	208	252	1
199	208	252	1
198	207	250	1
198	207	250	1
199	209	249	1
200	210	250	1
201	211	251	1
202	212	252	1
202	213	251	1
203	214	252	1
202	212	252	1
202	212	252	1
202	212	252	1
201	211	251	1
201	211	251	1
201	211	251	1
200	210	250	1
200	210	250	1
201	211	251	1
201	211	251	1
201	211	251	1
201	211	251	1
201	211	251	1
200	210	250	1
200	210	250	1
199	209	249	1
199	210	254	1
199	210	254	1
198	209	253	1
198	209	253	1
198	209	253	1
70	79	123	1
69	78	122	1
69	78	122	1
69	78	122	1
68	77	121	1
68	77	121	1
68	77	121	1
67	76	120	1
70	79	123	1
70	79	123	1
71	80	124	1
72	81	125	1
72	81	125	1
71	80	124	1
71	80	124	1
70	79	123	1
74	80	127	1
73	79	126	1
72	78	125	1
72	78	125	1
73	79	126	1
74	80	127	1
76	82	129	1
77	83	130	1
78	84	131	1
78	84	131	1
78	84	131	1
77	83	130	1
77	83	130	1
78	84	131	1
78	84	131	1
79	85	130	1
77	84	127	1
77	85	125	1
78	86	126	1
80	88	128	1
81	89	129	1
83	91	131	1
84	92	132	1
85	93	133	1
84	92	132	1
83	91	131	1
83	91	131	1
82	90	130	1
82	90	130	1
83	91	131	1
83	91	131	1
84	92	132	1
82	88	129	1
81	87	128	1
80	86	127	1
81	87	128	1
83	89	130	1
84	90	131	1
84	90	131	1
82	88	129	1
83	89	130	1
83	89	130	1
83	89	130	1
84	90	131	1
84	90	131	1
83	89	130	1
83	89	130	1
82	89	128	1
75	84	122	1
76	85	122	1
81	86	125	1
83	88	127	1
81	87	130	1
78	87	131	1
71	86	132	1
63	85	133	1
47	80	129	1
130	171	220	1
122	169	220	1
119	169	222	1
111	162	218	1
119	168	224	1
126	172	230	1
125	169	228	1
132	173	235	1
131	173	232	1
132	172	231	1
133	171	229	1
134	169	225	1
135	169	223	1
137	168	221	1
141	168	219	1
188	211	255	1
191	211	255	1
195	211	255	1
198	211	255	1
199	210	254	1
201	210	253	1
203	211	251	1
201	211	251	1
201	210	253	1
199	211	253	1
198	210	252	1
198	210	252	1
198	210	252	1
197	209	251	1
197	209	251	1
197	209	251	1
201	213	255	1
201	213	255	1
201	213	255	1
201	213	255	1
201	213	255	1
201	213	255	1
201	213	255	1
201	213	255	1
201	211	251	1
200	210	250	1
200	210	250	1
200	210	250	1
199	208	251	1
199	208	251	1
199	208	251	1
199	208	251	1
200	209	253	1
200	209	253	1
200	208	255	1
200	208	255	1
199	207	254	1
198	206	253	1
197	205	252	1
195	205	252	1
189	199	246	1
189	202	248	1
191	204	250	1
194	207	253	1
195	208	254	1
194	207	253	1
193	206	252	1
192	205	251	1
196	209	255	1
196	209	255	1
197	210	255	1
197	210	255	1
197	210	255	1
198	211	255	1
198	211	255	1
198	211	255	1
201	208	255	1
202	209	255	1
202	209	255	1
202	209	255	1
201	209	255	1
201	209	255	1
200	209	253	1
199	208	252	1
199	208	251	1
199	208	251	1
199	209	249	1
200	210	250	1
200	210	250	1
200	210	250	1
201	212	250	1
201	212	250	1
203	213	253	1
202	212	252	1
202	212	252	1
202	212	252	1
201	211	251	1
201	211	251	1
201	211	251	1
201	211	251	1
201	211	251	1
201	211	251	1
201	211	251	1
201	211	251	1
201	211	251	1
200	210	250	1
199	209	249	1
198	208	248	1
199	210	254	1
199	210	254	1
199	210	254	1
199	210	254	1
199	210	254	1
71	80	124	1
70	79	123	1
70	79	123	1
70	79	123	1
69	78	122	1
69	78	122	1
69	78	122	1
68	77	121	1
69	78	122	1
70	79	123	1
71	80	124	1
72	81	125	1
73	82	126	1
73	82	126	1
73	82	126	1
73	82	126	1
73	79	126	1
73	79	126	1
73	79	126	1
74	80	127	1
75	81	128	1
76	82	129	1
77	83	130	1
77	83	130	1
77	83	130	1
78	84	131	1
78	84	131	1
79	85	132	1
79	85	132	1
78	84	131	1
78	84	131	1
77	83	128	1
78	85	128	1
79	87	127	1
79	87	127	1
80	88	128	1
81	89	129	1
82	90	130	1
83	91	131	1
84	92	132	1
83	91	131	1
83	91	131	1
82	90	130	1
81	89	129	1
81	89	129	1
82	90	130	1
83	91	131	1
83	91	131	1
82	88	129	1
80	86	127	1
79	85	126	1
80	86	127	1
82	88	129	1
83	89	130	1
83	89	130	1
81	87	128	1
83	89	130	1
83	89	130	1
82	88	129	1
81	87	128	1
81	87	128	1
82	88	129	1
83	89	130	1
84	91	130	1
76	85	123	1
76	85	122	1
79	84	123	1
80	85	124	1
78	84	127	1
76	85	129	1
69	85	131	1
63	86	134	1
49	85	133	1
129	172	221	1
118	169	219	1
116	170	223	1
112	168	223	1
121	174	231	1
125	175	235	1
122	169	230	1
127	171	234	1
126	170	233	1
126	169	232	1
126	167	229	1
129	166	226	1
131	165	224	1
135	166	221	1
138	166	220	1
186	211	255	1
189	211	255	1
193	211	255	1
195	211	254	1
199	210	254	1
200	209	252	1
202	210	250	1
200	210	250	1
199	208	251	1
197	209	251	1
198	210	252	1
199	211	253	1
200	212	254	1
201	213	255	1
202	214	255	1
202	214	255	1
201	213	255	1
201	213	255	1
201	213	255	1
200	212	254	1
199	211	253	1
198	210	252	1
198	210	252	1
198	210	252	1
201	211	251	1
200	210	250	1
198	207	250	1
197	206	249	1
197	206	249	1
197	206	249	1
198	207	251	1
199	208	252	1
194	203	247	1
193	202	246	1
191	199	246	1
190	198	245	1
189	197	244	1
188	196	243	1
188	196	243	1
186	196	243	1
193	203	250	1
191	204	250	1
191	204	250	1
192	205	251	1
193	206	252	1
195	208	254	1
197	210	255	1
198	211	255	1
194	207	253	1
195	208	254	1
196	209	255	1
197	210	255	1
196	209	255	1
195	208	254	1
194	207	253	1
193	206	252	1
197	204	253	1
197	204	254	1
198	205	254	1
199	206	255	1
199	207	254	1
199	207	254	1
199	208	252	1
198	207	251	1
202	211	254	1
201	210	253	1
201	211	251	1
201	211	251	1
201	211	251	1
200	210	250	1
200	211	249	1
200	211	249	1
203	213	253	1
203	213	253	1
202	212	252	1
202	212	252	1
202	212	252	1
201	211	251	1
201	211	251	1
201	211	251	1
201	211	251	1
202	212	252	1
203	213	253	1
203	213	253	1
203	213	253	1
202	212	252	1
200	210	250	1
199	209	249	1
200	211	255	1
200	211	255	1
200	211	255	1
200	211	255	1
200	211	255	1
71	80	124	1
71	80	123	1
71	80	124	1
70	79	122	1
70	79	123	1
70	79	122	1
69	78	122	1
69	78	121	1
68	77	121	1
69	78	121	1
71	80	124	1
72	81	124	1
74	83	127	1
74	83	126	1
74	83	127	1
74	83	127	1
70	76	121	1
71	77	124	1
72	78	125	1
73	79	126	1
74	80	127	1
75	81	128	1
75	81	128	1
75	81	128	1
77	83	130	1
78	84	131	1
79	85	132	1
80	86	133	1
80	86	133	1
78	84	131	1
77	83	130	1
76	82	127	1
80	87	130	1
80	88	128	1
81	89	129	1
81	89	129	1
81	89	129	1
81	89	129	1
82	90	130	1
82	90	130	1
85	93	133	1
84	92	132	1
84	92	132	1
83	91	131	1
83	91	131	1
84	92	132	1
84	92	132	1
85	93	133	1
83	89	130	1
82	88	129	1
81	87	128	1
82	88	129	1
84	90	131	1
85	91	132	1
84	90	131	1
83	89	130	1
84	90	131	1
83	89	130	1
81	87	128	1
79	85	126	1
79	85	126	1
81	87	128	1
83	89	130	1
84	92	132	1
79	88	126	1
77	86	124	1
76	83	122	1
76	81	120	1
74	80	121	1
73	82	125	1
68	85	128	1
63	87	133	1
45	81	129	1
123	166	217	1
112	162	215	1
110	166	221	1
109	165	224	1
117	173	232	1
119	173	233	1
114	165	227	1
124	175	237	1
125	174	236	1
126	173	235	1
128	172	233	1
129	171	230	1
133	171	229	1
137	173	227	1
142	173	226	1
184	211	255	1
189	211	255	1
193	211	255	1
195	210	255	1
199	210	254	1
200	209	252	1
202	209	252	1
202	210	250	1
192	201	244	1
191	203	245	1
194	203	246	1
195	207	249	1
199	208	251	1
199	211	253	1
203	212	255	1
202	214	255	1
203	212	255	1
200	211	255	1
202	211	255	1
198	209	253	1
199	208	252	1
196	207	251	1
197	206	250	1
197	206	250	1
204	213	255	1
202	211	254	1
200	209	252	1
198	207	250	1
197	206	250	1
198	207	251	1
200	209	253	1
201	210	254	1
204	213	255	1
202	211	255	1
200	208	255	1
198	206	253	1
196	204	251	1
196	204	251	1
196	204	251	1
197	205	252	1
194	206	254	1
191	203	251	1
187	199	247	1
185	197	245	1
185	197	245	1
186	200	248	1
192	204	252	1
193	208	254	1
195	208	254	1
194	209	255	1
196	211	255	1
196	211	255	1
195	210	255	1
193	208	254	1
190	205	251	1
190	203	249	1
195	204	254	1
198	205	255	1
199	206	255	1
201	208	255	1
202	209	255	1
200	210	255	1
202	210	255	1
200	210	255	1
202	212	255	1
202	213	255	1
201	212	255	1
200	211	255	1
200	211	255	1
199	210	254	1
198	209	253	1
198	210	252	1
203	212	255	1
203	213	253	1
203	212	255	1
202	212	252	1
202	211	254	1
201	211	251	1
201	210	253	1
201	211	251	1
203	212	255	1
203	213	253	1
204	213	255	1
205	215	255	1
204	213	255	1
203	213	253	1
202	211	254	1
200	209	252	1
201	211	255	1
199	212	255	1
201	211	255	1
199	212	255	1
201	211	255	1
75	82	125	1
74	82	122	1
74	81	124	1
73	81	121	1
73	80	123	1
72	80	120	1
72	79	122	1
71	79	119	1
70	77	120	1
71	79	119	1
73	80	123	1
74	82	122	1
75	82	125	1
76	84	124	1
76	83	126	1
76	83	126	1
74	79	124	1
74	79	124	1
75	80	125	1
75	80	125	1
75	80	125	1
75	80	125	1
75	80	125	1
75	80	125	1
76	81	126	1
76	81	126	1
76	81	126	1
77	82	127	1
77	82	127	1
77	82	127	1
78	83	128	1
78	84	127	1
76	84	124	1
76	85	123	1
77	86	124	1
78	87	125	1
79	88	126	1
80	89	127	1
81	90	128	1
81	90	128	1
82	91	129	1
84	93	131	1
86	95	133	1
85	94	132	1
82	91	129	1
82	91	129	1
85	94	132	1
88	97	135	1
83	92	130	1
83	92	130	1
82	91	129	1
81	90	128	1
82	91	129	1
83	92	130	1
85	94	132	1
86	95	133	1
85	94	132	1
85	94	132	1
86	95	133	1
86	95	133	1
85	94	132	1
84	93	131	1
82	91	129	1
80	88	128	1
76	83	126	1
77	84	127	1
78	84	125	1
81	86	125	1
81	87	124	1
77	86	124	1
69	85	127	1
61	84	129	1
47	80	130	1
123	164	219	1
118	165	226	1
121	174	237	1
115	169	232	1
111	168	230	1
116	170	233	1
119	174	235	1
121	176	237	1
120	174	234	1
120	172	232	1
122	172	230	1
127	174	230	1
131	175	229	1
135	173	227	1
138	172	225	1
177	206	255	1
184	207	255	1
188	208	255	1
194	210	255	1
198	211	255	1
202	211	254	1
204	211	254	1
203	210	253	1
201	207	252	1
202	211	255	1
208	214	255	1
205	214	255	1
205	211	255	1
202	211	255	1
206	212	255	1
206	215	255	1
204	210	255	1
203	211	255	1
206	212	255	1
203	211	255	1
203	209	255	1
201	209	255	1
205	210	255	1
207	212	255	1
202	208	255	1
203	209	254	1
204	210	255	1
202	208	253	1
200	206	253	1
199	205	252	1
201	207	254	1
203	209	255	1
202	208	255	1
202	208	255	1
199	205	252	1
196	202	249	1
195	201	248	1
197	203	250	1
203	209	255	1
206	213	255	1
194	205	255	1
191	205	254	1
190	204	253	1
191	205	254	1
191	205	254	1
189	204	253	1
188	202	251	1
186	202	249	1
188	202	250	1
184	200	247	1
181	197	244	1
180	196	243	1
183	199	245	1
187	203	249	1
189	205	251	1
192	207	253	1
192	203	253	1
189	198	248	1
202	211	255	1
194	203	253	1
189	198	248	1
200	211	255	1
198	206	255	1
191	202	254	1
194	205	255	1
194	205	255	1
194	205	255	1
194	205	255	1
194	207	255	1
195	208	255	1
197	210	255	1
199	210	255	1
196	206	253	1
202	211	254	1
201	210	254	1
197	206	249	1
198	207	251	1
204	213	255	1
206	215	255	1
203	212	255	1
200	209	253	1
203	212	255	1
203	212	255	1
200	209	252	1
200	209	253	1
203	212	255	1
203	212	255	1
198	208	255	1
196	207	255	1
196	209	255	1
199	210	255	1
197	210	255	1
197	208	255	1
74	82	122	1
74	82	122	1
73	81	121	1
73	81	121	1
73	81	121	1
73	81	121	1
73	81	121	1
72	80	120	1
72	80	120	1
73	81	121	1
74	82	122	1
75	83	123	1
76	84	124	1
76	84	124	1
76	84	124	1
76	84	124	1
78	83	128	1
77	82	127	1
76	81	126	1
75	80	125	1
74	79	124	1
74	79	124	1
74	79	124	1
74	79	124	1
77	82	127	1
77	82	127	1
77	82	127	1
77	82	127	1
78	83	128	1
78	83	128	1
79	84	129	1
79	85	128	1
80	88	128	1
80	89	127	1
80	89	127	1
81	90	128	1
82	91	129	1
82	91	129	1
83	92	130	1
83	92	130	1
83	92	130	1
85	94	132	1
86	95	133	1
84	93	131	1
81	90	128	1
81	90	128	1
82	91	129	1
85	94	132	1
80	89	127	1
80	89	127	1
80	89	127	1
80	89	127	1
80	89	127	1
81	90	128	1
82	91	129	1
83	92	130	1
84	93	131	1
85	94	132	1
86	95	133	1
86	95	133	1
85	94	132	1
83	92	130	1
81	90	128	1
80	88	128	1
78	87	131	1
78	87	131	1
82	88	129	1
84	90	127	1
83	89	126	1
79	88	125	1
72	87	126	1
63	86	131	1
49	80	131	1
125	163	221	1
116	163	225	1
119	171	237	1
114	167	234	1
110	166	231	1
112	168	233	1
113	170	232	1
114	171	232	1
112	170	229	1
113	169	228	1
117	170	227	1
123	172	228	1
126	172	226	1
129	171	224	1
133	170	222	1
180	211	255	1
183	210	255	1
188	210	255	1
191	209	255	1
194	209	255	1
198	209	253	1
200	209	253	1
200	209	253	1
199	210	254	1
201	212	255	1
202	213	255	1
201	212	255	1
199	210	254	1
197	207	254	1
197	207	254	1
197	207	254	1
200	210	255	1
198	208	255	1
196	206	254	1
196	206	254	1
197	206	255	1
197	206	255	1
196	205	255	1
195	204	254	1
202	212	255	1
201	211	255	1
200	210	255	1
199	209	255	1
199	209	255	1
200	210	255	1
199	209	255	1
199	209	255	1
191	201	249	1
193	203	250	1
196	206	254	1
197	207	254	1
197	207	255	1
197	207	254	1
196	206	254	1
194	206	254	1
196	209	255	1
194	208	255	1
195	208	255	1
195	209	255	1
195	209	255	1
192	209	255	1
192	206	255	1
189	206	255	1
195	210	255	1
190	208	255	1
187	205	252	1
186	204	251	1
186	204	251	1
185	204	249	1
184	202	249	1
184	200	247	1
203	214	255	1
179	187	240	1
187	195	248	1
193	204	255	1
196	207	255	1
202	213	255	1
197	207	255	1
199	211	255	1
200	212	255	1
199	210	255	1
198	209	255	1
197	210	255	1
197	210	255	1
197	209	255	1
197	209	255	1
198	211	255	1
194	205	255	1
198	211	255	1
200	210	255	1
194	207	253	1
196	206	254	1
199	212	255	1
201	211	255	1
196	209	255	1
199	209	255	1
200	213	255	1
202	212	255	1
196	209	255	1
198	208	255	1
198	211	255	1
200	210	255	1
195	207	255	1
192	205	255	1
193	205	255	1
195	207	255	1
194	206	255	1
192	205	255	1
73	81	121	1
73	81	121	1
73	81	121	1
73	81	121	1
74	82	122	1
74	82	122	1
74	82	122	1
74	82	122	1
75	83	123	1
75	83	123	1
76	84	124	1
77	85	125	1
77	85	125	1
76	84	124	1
76	84	124	1
75	83	123	1
81	86	131	1
79	84	129	1
77	82	127	1
75	80	125	1
74	79	124	1
74	79	124	1
74	79	124	1
75	80	125	1
78	83	128	1
78	83	128	1
78	83	128	1
79	84	129	1
79	84	129	1
79	84	129	1
80	85	130	1
80	86	129	1
84	92	132	1
84	93	131	1
84	93	131	1
84	93	131	1
84	93	131	1
84	93	131	1
84	93	131	1
85	94	132	1
84	93	131	1
85	94	132	1
85	94	132	1
83	92	130	1
81	90	128	1
79	88	126	1
79	88	126	1
80	89	127	1
79	88	126	1
79	88	126	1
80	89	127	1
81	90	128	1
81	90	128	1
81	90	128	1
81	90	128	1
81	90	128	1
84	93	131	1
84	93	131	1
85	94	132	1
85	94	132	1
84	93	131	1
83	92	130	1
81	90	128	1
79	87	127	1
80	89	133	1
80	89	133	1
82	88	129	1
82	90	127	1
83	89	126	1
78	87	124	1
71	86	125	1
61	84	129	1
50	81	132	1
123	161	219	1
112	159	221	1
116	168	234	1
113	166	233	1
110	166	231	1
112	166	231	1
111	165	228	1
110	167	228	1
110	168	227	1
112	168	227	1
116	171	228	1
122	173	229	1
126	173	227	1
128	172	225	1
131	170	222	1
186	221	255	1
190	220	255	1
192	218	255	1
193	216	255	1
195	213	255	1
198	213	255	1
199	212	255	1
197	212	255	1
201	217	255	1
197	216	255	1
196	215	255	1
195	214	255	1
194	213	255	1
192	210	255	1
189	207	254	1
187	205	252	1
192	210	255	1
189	206	255	1
187	204	253	1
187	204	253	1
190	207	255	1
192	209	255	1
191	208	255	1
189	206	255	1
192	209	255	1
190	208	255	1
189	206	255	1
189	207	254	1
190	207	255	1
190	208	255	1
189	206	255	1
188	206	253	1
191	208	255	1
191	209	255	1
192	209	255	1
192	210	255	1
193	210	255	1
191	209	255	1
188	205	254	1
185	202	251	1
185	201	254	1
186	202	255	1
188	202	255	1
185	201	254	1
184	200	253	1
181	200	251	1
182	199	250	1
179	198	249	1
185	202	253	1
182	202	250	1
183	203	251	1
184	204	252	1
186	206	254	1
186	206	253	1
184	204	252	1
184	201	250	1
174	187	239	1
111	121	175	1
82	92	146	1
74	86	140	1
68	80	134	1
64	76	130	1
64	75	132	1
83	96	152	1
72	85	141	1
71	83	141	1
69	81	139	1
65	79	137	1
64	78	136	1
63	77	136	1
62	76	135	1
62	76	134	1
60	76	129	1
63	80	131	1
66	80	133	1
62	79	130	1
63	77	130	1
63	80	131	1
63	77	130	1
57	74	125	1
60	74	127	1
60	77	128	1
61	75	128	1
55	72	123	1
56	70	123	1
56	73	124	1
57	71	124	1
54	68	121	1
52	66	119	1
54	68	121	1
55	69	122	1
55	69	122	1
53	67	120	1
72	80	120	1
72	80	120	1
73	81	121	1
73	81	121	1
74	82	122	1
75	83	123	1
75	83	123	1
75	83	123	1
77	85	125	1
77	85	125	1
78	86	126	1
78	86	126	1
78	86	126	1
77	85	125	1
76	84	124	1
76	84	124	1
81	87	130	1
80	85	130	1
77	82	127	1
76	81	126	1
75	80	125	1
76	81	126	1
77	82	127	1
78	83	128	1
79	84	129	1
79	84	129	1
79	84	129	1
80	85	130	1
80	85	130	1
81	86	131	1
81	86	131	1
81	87	130	1
86	94	134	1
85	94	132	1
85	94	132	1
85	94	132	1
85	94	132	1
85	94	132	1
84	93	131	1
84	93	131	1
85	94	132	1
85	94	132	1
84	93	131	1
83	92	130	1
80	89	127	1
78	87	125	1
77	86	124	1
76	85	123	1
80	89	127	1
81	90	128	1
83	92	130	1
84	93	131	1
84	93	131	1
83	92	130	1
82	91	129	1
81	90	128	1
83	92	130	1
83	92	130	1
84	93	131	1
84	93	131	1
84	93	131	1
82	91	129	1
80	89	127	1
77	87	127	1
75	86	130	1
77	86	130	1
78	86	126	1
78	86	123	1
79	85	122	1
73	82	119	1
66	81	120	1
55	78	123	1
49	80	131	1
120	158	216	1
107	154	216	1
112	164	230	1
112	165	232	1
111	167	232	1
113	167	232	1
111	165	228	1
110	167	228	1
111	168	229	1
115	170	231	1
119	173	233	1
126	176	234	1
128	177	233	1
129	175	229	1
131	173	226	1
137	174	226	1
141	174	224	1
143	173	222	1
145	173	220	1
147	170	218	1
148	168	215	1
148	166	213	1
145	165	212	1
148	172	218	1
143	169	215	1
140	166	212	1
140	166	212	1
141	167	213	1
140	166	213	1
136	162	209	1
132	158	205	1
131	156	206	1
131	156	206	1
131	156	206	1
132	156	208	1
133	157	209	1
135	159	211	1
136	160	212	1
137	162	212	1
127	152	202	1
129	155	202	1
131	156	206	1
130	156	203	1
127	152	202	1
126	152	199	1
127	152	202	1
128	154	201	1
130	155	205	1
125	151	198	1
118	143	193	1
113	139	186	1
111	136	186	1
111	137	184	1
110	135	185	1
110	133	183	1
119	139	194	1
121	138	194	1
121	138	194	1
119	136	192	1
116	133	189	1
112	133	185	1
112	130	183	1
110	131	182	1
98	116	169	1
96	117	168	1
98	117	168	1
99	121	169	1
103	122	173	1
103	125	173	1
101	122	173	1
102	121	172	1
109	123	176	1
58	70	124	1
52	63	120	1
67	80	136	1
77	88	145	1
76	89	145	1
70	83	139	1
83	97	155	1
76	88	146	1
72	86	144	1
70	84	143	1
66	82	141	1
66	80	139	1
63	79	138	1
65	78	140	1
62	78	137	1
60	78	137	1
62	81	138	1
64	83	140	1
64	83	140	1
62	81	138	1
60	79	136	1
57	76	133	1
54	73	130	1
54	73	130	1
56	75	132	1
55	74	131	1
50	69	126	1
49	68	125	1
50	69	126	1
49	68	125	1
47	64	121	1
48	63	119	1
51	65	118	1
53	67	120	1
52	66	119	1
50	64	117	1
73	81	121	1
73	81	121	1
73	81	121	1
74	82	122	1
75	83	123	1
75	83	123	1
76	84	124	1
76	84	124	1
77	85	125	1
77	85	125	1
78	86	126	1
78	86	126	1
78	86	126	1
77	85	125	1
77	85	125	1
76	84	124	1
78	84	127	1
78	84	127	1
77	83	126	1
77	83	126	1
78	84	127	1
79	85	128	1
80	86	129	1
82	88	131	1
79	85	128	1
79	85	128	1
80	86	129	1
80	86	129	1
81	87	130	1
81	87	130	1
81	87	130	1
81	87	130	1
84	92	132	1
84	93	131	1
84	93	131	1
84	93	131	1
83	92	130	1
83	92	130	1
83	92	130	1
83	92	130	1
84	93	131	1
83	92	130	1
83	92	130	1
82	91	129	1
81	90	128	1
79	88	126	1
77	86	124	1
75	84	122	1
80	89	127	1
81	90	128	1
83	92	130	1
84	93	131	1
84	93	131	1
82	91	129	1
81	90	128	1
80	89	127	1
82	91	129	1
83	92	130	1
83	92	130	1
84	93	131	1
83	92	130	1
81	90	128	1
79	88	126	1
76	86	126	1
74	85	129	1
74	85	129	1
77	85	125	1
77	85	122	1
75	83	120	1
71	80	117	1
63	78	117	1
53	76	121	1
46	77	128	1
117	155	213	1
104	151	213	1
110	162	228	1
110	163	230	1
113	167	232	1
114	168	233	1
113	167	230	1
110	167	229	1
111	168	229	1
115	170	231	1
119	173	233	1
125	177	237	1
127	177	235	1
129	176	232	1
130	174	228	1
124	165	220	1
129	167	221	1
136	170	223	1
140	173	223	1
142	171	222	1
141	168	218	1
140	165	215	1
135	163	210	1
139	172	218	1
135	169	215	1
133	167	213	1
134	168	214	1
136	170	216	1
136	169	218	1
132	165	214	1
129	162	211	1
124	157	207	1
127	160	210	1
128	161	211	1
127	159	212	1
124	156	209	1
123	155	208	1
127	159	212	1
130	162	215	1
117	150	200	1
124	157	206	1
130	163	213	1
128	161	210	1
120	153	203	1
117	150	199	1
120	153	203	1
126	159	208	1
122	155	205	1
118	151	200	1
112	145	195	1
107	140	189	1
104	137	187	1
103	136	185	1
102	135	185	1
102	133	184	1
114	137	193	1
118	137	194	1
118	137	194	1
115	134	191	1
110	129	186	1
105	126	181	1
104	124	179	1
104	126	178	1
114	134	189	1
110	132	184	1
108	129	181	1
105	128	178	1
105	126	178	1
104	127	177	1
102	124	176	1
102	123	175	1
113	128	184	1
78	91	147	1
74	86	144	1
74	88	146	1
75	87	145	1
73	87	145	1
61	75	133	1
62	78	137	1
71	85	144	1
69	85	144	1
67	82	144	1
64	82	143	1
65	80	142	1
62	80	141	1
64	79	142	1
62	79	142	1
55	76	138	1
54	77	139	1
56	79	141	1
57	80	142	1
56	79	141	1
51	74	136	1
47	70	132	1
45	68	130	1
48	71	133	1
51	74	136	1
49	72	134	1
44	67	129	1
43	66	128	1
44	67	129	1
42	65	127	1
43	62	123	1
47	61	119	1
51	64	120	1
52	65	121	1
52	65	121	1
50	64	117	1
74	82	122	1
74	82	122	1
74	82	122	1
74	82	122	1
75	83	123	1
75	83	123	1
75	83	123	1
75	83	123	1
76	84	124	1
76	84	124	1
77	85	125	1
78	86	126	1
78	86	126	1
78	86	126	1
77	85	125	1
77	85	125	1
77	83	126	1
77	83	126	1
78	84	127	1
79	85	128	1
81	87	130	1
82	88	131	1
82	88	131	1
83	89	132	1
79	85	128	1
79	85	128	1
79	85	128	1
80	86	129	1
80	86	129	1
81	87	130	1
81	87	130	1
81	87	128	1
81	89	129	1
81	90	128	1
81	90	128	1
82	91	129	1
82	91	129	1
82	91	129	1
82	91	129	1
82	91	129	1
82	91	129	1
81	90	128	1
81	90	128	1
82	91	129	1
83	92	130	1
82	91	129	1
79	88	126	1
77	86	124	1
79	88	126	1
80	89	127	1
80	89	127	1
80	89	127	1
80	89	127	1
79	88	126	1
78	87	125	1
78	87	125	1
81	90	128	1
82	91	129	1
83	92	130	1
83	92	130	1
82	91	129	1
80	89	127	1
78	87	125	1
75	85	125	1
76	87	131	1
75	86	130	1
79	87	127	1
79	87	124	1
77	85	122	1
72	84	120	1
66	81	120	1
55	78	123	1
44	75	126	1
117	155	213	1
105	152	214	1
111	161	227	1
109	161	228	1
111	165	230	1
113	167	232	1
114	168	231	1
110	164	227	1
108	165	227	1
112	166	229	1
114	169	230	1
120	171	233	1
123	173	233	1
124	172	230	1
124	171	227	1
115	158	215	1
119	160	215	1
125	165	218	1
128	167	219	1
133	167	220	1
132	165	215	1
129	162	212	1
125	160	210	1
130	167	217	1
127	167	215	1
127	167	216	1
127	167	216	1
129	169	218	1
128	168	217	1
127	167	216	1
125	164	216	1
122	161	213	1
123	162	214	1
122	160	214	1
119	157	211	1
116	154	208	1
114	152	206	1
115	152	208	1
117	155	209	1
110	149	201	1
117	156	208	1
125	162	214	1
121	160	212	1
116	153	205	1
110	149	201	1
115	152	204	1
118	157	209	1
112	149	201	1
114	153	205	1
119	156	208	1
117	156	208	1
116	153	205	1
109	148	200	1
108	145	197	1
109	143	196	1
109	136	193	1
116	138	196	1
117	139	197	1
114	136	194	1
108	130	188	1
104	127	183	1
103	126	182	1
105	129	183	1
103	126	182	1
100	124	178	1
97	121	175	1
96	120	172	1
98	119	174	1
97	121	173	1
98	120	172	1
97	118	173	1
104	118	176	1
70	84	142	1
60	74	133	1
50	64	123	1
51	65	124	1
67	83	142	1
72	88	147	1
79	94	156	1
69	84	146	1
66	84	145	1
65	83	144	1
63	81	144	1
64	81	144	1
63	81	144	1
64	81	144	1
63	81	146	1
57	79	144	1
54	79	143	1
55	80	144	1
58	83	147	1
56	81	145	1
50	75	139	1
47	72	136	1
47	72	136	1
48	73	137	1
50	75	139	1
49	74	138	1
45	70	134	1
43	68	132	1
44	69	133	1
43	68	132	1
43	64	126	1
48	65	122	1
53	66	122	1
55	68	124	1
54	67	123	1
52	66	119	1
74	84	124	1
73	83	123	1
73	83	123	1
73	83	123	1
73	83	123	1
73	83	123	1
72	82	122	1
72	82	122	1
72	82	122	1
73	83	123	1
74	84	124	1
75	85	125	1
76	86	126	1
76	86	126	1
76	86	126	1
77	85	125	1
77	83	126	1
78	84	127	1
81	87	130	1
82	88	131	1
83	89	132	1
82	88	131	1
81	87	130	1
80	86	129	1
78	84	127	1
79	85	128	1
79	85	128	1
79	85	128	1
80	86	129	1
80	86	129	1
80	86	129	1
80	86	127	1
79	87	127	1
79	88	126	1
80	89	127	1
80	89	127	1
81	90	128	1
82	91	129	1
82	91	129	1
83	92	130	1
80	89	127	1
79	88	126	1
80	89	127	1
82	91	129	1
85	94	132	1
85	94	132	1
82	91	129	1
79	88	126	1
79	90	128	1
78	89	127	1
77	88	126	1
77	88	126	1
76	87	125	1
76	87	125	1
76	87	125	1
76	87	125	1
79	90	128	1
79	90	128	1
80	91	129	1
80	91	129	1
79	90	128	1
78	89	127	1
76	87	125	1
73	85	125	1
74	87	131	1
74	87	131	1
78	88	128	1
79	88	125	1
79	87	124	1
74	86	122	1
68	83	122	1
58	81	126	1
46	77	128	1
120	158	216	1
111	155	218	1
113	163	229	1
107	159	226	1
106	160	225	1
112	164	230	1
113	167	230	1
110	164	229	1
109	163	226	1
109	163	226	1
111	166	227	1
116	167	229	1
118	170	230	1
119	169	229	1
120	168	226	1
120	167	223	1
122	168	222	1
124	168	222	1
127	169	222	1
129	169	222	1
129	168	220	1
129	168	220	1
127	167	219	1
128	168	220	1
129	170	219	1
131	171	223	1
130	170	222	1
128	168	220	1
127	167	219	1
127	167	219	1
128	168	221	1
126	166	219	1
121	161	214	1
117	156	211	1
117	156	211	1
120	159	214	1
122	161	216	1
119	157	215	1
115	154	209	1
114	153	208	1
116	156	209	1
119	157	211	1
119	159	212	1
118	156	210	1
115	155	208	1
115	153	207	1
113	153	206	1
98	136	190	1
104	144	197	1
112	150	204	1
112	152	205	1
107	145	199	1
101	141	194	1
102	140	194	1
106	141	197	1
105	134	191	1
111	137	197	1
113	139	199	1
112	138	198	1
109	133	193	1
106	130	188	1
107	131	189	1
110	135	191	1
105	129	187	1
105	130	186	1
105	130	186	1
107	133	187	1
111	134	190	1
110	136	190	1
111	135	189	1
109	133	187	1
91	107	166	1
64	80	139	1
66	81	143	1
66	81	143	1
67	82	144	1
72	90	151	1
62	80	141	1
59	76	139	1
65	82	145	1
64	82	145	1
62	80	143	1
59	79	144	1
60	78	143	1
58	78	143	1
60	78	143	1
58	78	143	1
58	80	145	1
53	78	142	1
54	79	143	1
57	82	146	1
56	81	145	1
49	74	138	1
46	71	135	1
48	73	137	1
46	71	135	1
49	74	138	1
48	73	137	1
43	68	132	1
42	67	131	1
44	69	133	1
43	68	132	1
43	64	126	1
46	63	120	1
50	65	121	1
51	66	122	1
51	66	122	1
49	64	120	1
75	85	125	1
74	84	124	1
74	84	124	1
73	83	123	1
73	83	123	1
72	82	122	1
72	82	122	1
71	81	121	1
70	80	120	1
71	81	121	1
73	83	123	1
74	84	124	1
75	85	125	1
76	86	126	1
76	86	126	1
76	86	126	1
77	84	127	1
80	86	129	1
83	89	132	1
85	91	134	1
84	90	133	1
82	88	131	1
79	85	128	1
77	83	126	1
78	84	127	1
78	84	127	1
78	84	127	1
79	85	128	1
79	85	128	1
79	85	128	1
80	86	129	1
80	86	127	1
78	87	125	1
79	88	126	1
79	88	126	1
80	89	127	1
81	90	128	1
82	91	129	1
83	92	130	1
83	92	130	1
78	87	125	1
78	87	125	1
79	88	126	1
82	91	129	1
87	96	134	1
87	96	134	1
85	94	132	1
81	90	128	1
82	93	131	1
81	92	130	1
79	90	128	1
78	89	127	1
77	88	126	1
78	89	127	1
79	90	128	1
79	90	128	1
78	89	127	1
79	90	128	1
80	91	129	1
80	91	129	1
79	90	128	1
77	88	126	1
75	86	124	1
72	84	124	1
73	86	130	1
73	86	130	1
77	87	127	1
78	87	124	1
78	86	123	1
74	86	122	1
66	83	122	1
58	81	126	1
48	79	130	1
124	162	220	1
114	158	221	1
114	164	230	1
105	157	224	1
103	157	222	1
109	161	227	1
113	166	229	1
113	165	231	1
110	164	229	1
109	163	226	1
111	164	227	1
115	166	228	1
117	168	230	1
119	169	229	1
119	169	229	1
128	176	234	1
128	175	231	1
126	171	228	1
124	170	224	1
125	169	223	1
126	170	223	1
129	173	226	1
132	174	227	1
125	167	220	1
128	171	222	1
132	172	224	1
128	170	223	1
126	166	219	1
122	164	217	1
125	165	218	1
125	166	221	1
124	163	218	1
112	153	208	1
106	145	200	1
109	149	207	1
124	162	220	1
128	168	226	1
124	162	220	1
115	153	211	1
120	158	216	1
118	155	211	1
116	153	209	1
119	156	212	1
123	160	216	1
123	160	216	1
118	155	211	1
111	148	204	1
107	144	200	1
112	149	205	1
116	153	209	1
112	149	205	1
104	141	197	1
101	138	194	1
107	144	200	1
116	151	207	1
98	128	187	1
103	133	192	1
108	136	196	1
108	136	196	1
104	132	192	1
105	131	191	1
108	135	192	1
112	139	196	1
97	124	181	1
97	124	181	1
100	125	181	1
101	126	182	1
100	125	181	1
97	122	178	1
91	117	171	1
89	112	168	1
105	123	182	1
66	81	143	1
59	74	136	1
61	76	138	1
62	80	141	1
68	86	147	1
62	79	142	1
65	83	146	1
69	87	150	1
68	86	149	1
64	84	149	1
62	82	147	1
61	81	146	1
60	80	145	1
59	78	145	1
59	79	144	1
57	79	144	1
53	76	138	1
53	76	138	1
57	80	142	1
56	79	141	1
49	72	134	1
47	70	132	1
50	73	135	1
51	74	136	1
53	76	138	1
53	76	138	1
49	72	134	1
47	70	132	1
49	72	134	1
48	71	133	1
47	68	129	1
49	66	123	1
52	67	123	1
54	69	125	1
53	68	124	1
51	66	122	1
74	86	126	1
74	86	126	1
73	85	125	1
72	84	124	1
72	84	124	1
73	85	125	1
73	85	125	1
74	86	126	1
71	83	123	1
72	84	124	1
72	84	124	1
73	85	125	1
73	85	125	1
74	86	126	1
74	86	126	1
77	87	127	1
80	88	128	1
82	88	129	1
83	89	130	1
84	90	131	1
84	90	131	1
84	90	131	1
84	90	131	1
83	89	130	1
80	86	127	1
80	86	127	1
79	85	126	1
79	85	126	1
79	85	126	1
80	86	127	1
81	87	128	1
81	87	128	1
80	89	127	1
80	89	127	1
81	90	128	1
82	91	129	1
82	91	129	1
82	91	129	1
81	90	128	1
81	90	128	1
78	87	125	1
80	89	127	1
83	92	130	1
85	94	132	1
86	95	133	1
85	94	132	1
84	93	131	1
83	92	130	1
84	95	133	1
84	97	135	1
85	98	136	1
83	96	134	1
80	93	131	1
77	90	128	1
75	88	126	1
75	88	126	1
75	88	126	1
77	90	128	1
79	92	130	1
78	91	129	1
76	89	127	1
75	88	126	1
75	88	126	1
73	88	127	1
68	84	127	1
68	84	127	1
72	84	124	1
76	88	124	1
79	88	125	1
77	89	125	1
68	85	124	1
59	82	127	1
49	80	131	1
123	161	219	1
119	163	226	1
105	155	221	1
97	149	216	1
111	163	229	1
110	160	226	1
111	164	227	1
106	159	222	1
112	165	228	1
119	172	235	1
119	172	235	1
117	168	230	1
114	165	227	1
117	167	227	1
119	169	229	1
124	172	230	1
122	171	227	1
122	169	225	1
121	168	224	1
122	167	224	1
123	169	223	1
124	170	224	1
127	171	224	1
127	167	220	1
129	169	222	1
129	167	221	1
125	164	219	1
126	163	219	1
129	168	223	1
129	166	222	1
125	163	221	1
115	152	210	1
117	155	213	1
120	157	215	1
118	155	215	1
115	151	211	1
113	150	210	1
116	152	212	1
119	156	214	1
123	157	216	1
124	158	217	1
120	154	213	1
115	149	208	1
116	150	209	1
124	158	217	1
125	159	218	1
121	155	214	1
121	155	214	1
114	148	207	1
109	143	202	1
110	144	203	1
109	143	202	1
105	139	198	1
107	141	200	1
115	147	206	1
103	134	195	1
107	138	199	1
110	139	200	1
104	133	194	1
99	129	188	1
101	129	189	1
103	131	191	1
102	130	190	1
99	128	185	1
98	127	184	1
99	126	183	1
100	127	184	1
102	127	183	1
101	126	182	1
98	123	179	1
98	121	177	1
101	121	179	1
64	82	143	1
66	84	145	1
65	83	144	1
57	74	137	1
65	82	145	1
65	83	146	1
66	84	147	1
67	85	150	1
63	83	148	1
61	80	147	1
59	78	145	1
57	79	145	1
58	80	146	1
59	81	147	1
62	82	147	1
56	75	136	1
59	79	137	1
61	81	139	1
60	80	138	1
56	76	134	1
53	73	131	1
53	73	131	1
54	74	132	1
50	70	128	1
53	73	131	1
55	75	133	1
54	74	132	1
50	70	128	1
48	68	126	1
49	69	127	1
51	69	128	1
52	69	126	1
52	66	124	1
50	64	122	1
48	62	120	1
47	62	118	1
74	86	126	1
73	85	125	1
72	84	124	1
71	83	123	1
71	83	123	1
71	83	123	1
71	83	123	1
71	83	123	1
72	84	124	1
73	85	125	1
73	85	125	1
73	85	125	1
73	85	125	1
73	85	125	1
74	86	126	1
76	86	126	1
80	88	128	1
82	88	129	1
82	88	129	1
82	88	129	1
82	88	129	1
83	89	130	1
83	89	130	1
84	90	131	1
81	87	128	1
80	86	127	1
80	86	127	1
79	85	126	1
79	85	126	1
80	86	127	1
81	87	128	1
81	87	128	1
81	90	128	1
81	90	128	1
82	91	129	1
82	91	129	1
82	91	129	1
81	90	128	1
80	89	127	1
80	89	127	1
82	91	129	1
83	92	130	1
86	95	133	1
88	97	135	1
89	98	136	1
88	97	135	1
87	96	134	1
84	95	133	1
86	97	135	1
84	97	135	1
83	96	134	1
80	93	131	1
77	90	128	1
75	88	126	1
76	89	127	1
78	91	129	1
75	88	126	1
77	90	128	1
77	90	128	1
76	89	127	1
74	87	125	1
73	86	124	1
74	87	125	1
74	89	128	1
71	87	130	1
70	86	129	1
74	86	126	1
77	89	125	1
81	90	127	1
77	91	127	1
69	88	126	1
60	85	129	1
51	82	133	1
123	161	219	1
118	162	225	1
108	156	222	1
102	151	219	1
115	167	233	1
113	163	229	1
114	165	228	1
110	161	224	1
113	166	229	1
120	171	234	1
120	171	233	1
116	167	229	1
116	165	227	1
117	167	227	1
122	169	230	1
122	170	228	1
124	170	228	1
124	171	227	1
124	171	227	1
124	171	227	1
124	169	226	1
124	170	224	1
125	169	223	1
129	169	222	1
134	172	226	1
136	171	227	1
127	164	220	1
124	159	215	1
123	160	216	1
127	161	220	1
125	162	220	1
121	155	214	1
121	158	216	1
123	157	217	1
121	157	217	1
121	155	215	1
118	154	214	1
120	154	214	1
121	155	215	1
123	155	214	1
124	156	215	1
122	152	211	1
116	148	207	1
120	150	209	1
124	156	215	1
127	157	216	1
122	154	213	1
119	149	208	1
112	144	203	1
111	141	200	1
110	142	201	1
110	140	199	1
103	135	194	1
104	134	193	1
106	138	197	1
113	144	205	1
116	147	208	1
113	144	205	1
105	136	197	1
100	130	189	1
99	129	188	1
100	128	188	1
99	127	187	1
101	130	187	1
98	127	184	1
98	125	182	1
97	124	181	1
100	125	181	1
100	125	181	1
99	124	180	1
100	123	179	1
106	124	183	1
67	85	146	1
67	85	146	1
66	84	145	1
56	73	136	1
63	80	143	1
62	80	143	1
62	80	143	1
66	84	149	1
63	83	148	1
60	79	146	1
58	77	144	1
56	78	144	1
56	78	144	1
58	80	146	1
61	81	146	1
57	75	134	1
59	79	134	1
63	80	137	1
59	79	134	1
58	75	132	1
53	73	128	1
54	71	128	1
53	73	128	1
52	69	126	1
52	72	127	1
56	73	130	1
52	72	127	1
51	68	125	1
47	67	122	1
49	66	123	1
51	68	125	1
51	68	125	1
52	66	124	1
50	64	122	1
47	61	119	1
46	61	117	1
73	85	125	1
72	84	124	1
71	83	123	1
70	82	122	1
70	82	122	1
70	82	122	1
70	82	122	1
70	82	122	1
74	86	126	1
74	86	126	1
74	86	126	1
74	86	126	1
73	85	125	1
73	85	125	1
73	85	125	1
75	85	125	1
81	89	129	1
81	87	128	1
80	86	127	1
79	85	126	1
80	86	127	1
81	87	128	1
83	89	130	1
84	90	131	1
81	87	128	1
81	87	128	1
80	86	127	1
80	86	127	1
80	86	127	1
80	86	127	1
81	87	128	1
81	87	128	1
82	91	129	1
82	91	129	1
82	91	129	1
82	91	129	1
81	90	128	1
80	89	127	1
79	88	126	1
78	87	125	1
83	92	130	1
84	93	131	1
86	95	133	1
88	97	135	1
89	98	136	1
88	97	135	1
88	97	135	1
85	96	134	1
87	98	136	1
84	97	135	1
81	94	132	1
77	90	128	1
74	87	125	1
74	87	125	1
76	89	127	1
79	92	130	1
76	89	127	1
76	89	127	1
76	89	127	1
74	87	125	1
72	85	123	1
72	85	123	1
74	87	125	1
74	89	128	1
72	89	132	1
71	88	131	1
74	89	128	1
77	91	127	1
80	92	128	1
78	92	128	1
72	91	129	1
63	88	132	1
53	84	135	1
122	160	218	1
117	160	223	1
109	157	223	1
107	156	224	1
121	171	237	1
117	165	231	1
117	165	229	1
115	164	226	1
116	167	229	1
121	170	232	1
120	169	231	1
117	166	228	1
118	165	226	1
121	168	229	1
126	171	232	1
123	169	227	1
126	170	229	1
127	172	229	1
128	173	230	1
128	173	230	1
128	171	228	1
125	168	225	1
126	167	222	1
128	166	220	1
136	172	226	1
139	172	228	1
129	164	220	1
123	156	212	1
121	156	212	1
127	159	218	1
128	162	221	1
127	159	218	1
124	158	217	1
125	156	217	1
123	157	217	1
126	157	218	1
124	158	218	1
124	155	216	1
122	153	214	1
123	153	212	1
123	153	212	1
122	150	210	1
118	148	207	1
121	149	209	1
125	155	214	1
126	154	214	1
123	153	212	1
123	151	211	1
119	149	208	1
118	146	206	1
118	148	207	1
116	144	204	1
109	139	198	1
108	136	196	1
108	138	197	1
118	150	209	1
117	151	210	1
112	146	205	1
102	136	195	1
98	130	189	1
97	129	188	1
99	129	186	1
98	127	184	1
108	137	194	1
107	134	191	1
105	130	186	1
104	129	185	1
106	129	185	1
108	131	187	1
108	132	186	1
108	131	187	1
111	129	188	1
71	86	148	1
69	84	146	1
68	83	145	1
56	74	135	1
61	79	140	1
59	76	139	1
59	77	140	1
65	83	146	1
64	82	145	1
59	79	144	1
58	78	143	1
57	76	143	1
57	76	143	1
57	76	143	1
60	78	141	1
59	76	133	1
61	79	132	1
63	78	134	1
59	77	130	1
58	73	129	1
53	71	124	1
54	69	125	1
52	70	123	1
54	69	125	1
54	72	125	1
57	72	128	1
54	72	125	1
54	69	125	1
50	68	121	1
52	67	123	1
51	68	124	1
50	67	124	1
49	65	124	1
47	64	121	1
45	62	119	1
43	60	117	1
71	83	123	1
71	83	123	1
70	82	122	1
70	82	122	1
71	83	123	1
72	84	124	1
73	85	125	1
73	85	125	1
75	87	127	1
75	87	127	1
75	87	127	1
74	86	126	1
73	85	125	1
73	85	125	1
72	84	124	1
74	84	124	1
81	89	129	1
80	86	127	1
78	84	125	1
77	83	124	1
78	84	125	1
80	86	127	1
82	88	129	1
84	90	131	1
82	88	129	1
82	88	129	1
81	87	128	1
80	86	127	1
80	86	127	1
80	86	127	1
80	86	127	1
81	87	128	1
83	92	130	1
83	92	130	1
83	92	130	1
82	91	129	1
81	90	128	1
80	89	127	1
78	87	125	1
78	87	125	1
80	89	127	1
81	90	128	1
82	91	129	1
84	93	131	1
85	94	132	1
85	94	132	1
84	93	131	1
82	93	131	1
82	95	133	1
82	95	133	1
80	93	131	1
77	90	128	1
74	87	125	1
74	87	125	1
76	89	127	1
78	91	129	1
76	89	127	1
76	89	127	1
75	88	126	1
72	85	123	1
70	83	121	1
71	84	122	1
74	87	125	1
75	90	129	1
73	90	133	1
71	88	131	1
74	89	128	1
76	90	126	1
80	92	128	1
78	92	128	1
72	91	129	1
64	87	132	1
54	85	136	1
120	158	216	1
115	158	221	1
111	156	223	1
111	158	226	1
123	173	239	1
117	165	231	1
117	165	229	1
118	167	229	1
119	169	229	1
121	168	230	1
120	167	228	1
119	166	227	1
121	167	225	1
124	169	230	1
128	172	231	1
127	171	230	1
129	171	230	1
130	173	230	1
130	173	230	1
131	171	229	1
130	170	228	1
128	168	226	1
129	168	223	1
125	161	215	1
131	167	221	1
135	168	224	1
129	164	220	1
127	160	216	1
126	161	217	1
129	161	220	1
126	160	219	1
123	155	214	1
120	154	213	1
121	152	213	1
121	155	215	1
127	158	219	1
126	160	220	1
125	156	217	1
121	152	213	1
123	153	212	1
123	151	211	1
122	150	210	1
122	150	210	1
124	152	212	1
126	154	214	1
126	154	214	1
124	152	212	1
127	155	215	1
125	153	213	1
124	152	212	1
122	150	210	1
120	148	208	1
117	145	205	1
116	144	204	1
115	145	204	1
113	145	204	1
112	146	205	1
108	142	201	1
100	134	193	1
98	130	189	1
100	133	189	1
103	133	190	1
102	131	188	1
112	139	196	1
110	137	193	1
109	134	190	1
109	134	190	1
112	135	191	1
113	137	191	1
112	136	190	1
113	134	189	1
115	131	190	1
70	85	147	1
67	82	144	1
68	83	145	1
58	73	135	1
60	78	139	1
58	75	138	1
60	77	140	1
65	82	145	1
63	81	144	1
61	79	144	1
57	77	142	1
55	75	140	1
55	74	141	1
55	74	141	1
57	75	138	1
60	77	134	1
59	77	130	1
61	76	132	1
57	75	128	1
56	71	127	1
52	70	123	1
53	68	124	1
50	68	121	1
58	73	129	1
56	74	127	1
59	74	130	1
56	74	127	1